1781907111597 0.7029501795768738 1
1781907113156 0.7271104454994202 2
1781907114586 0.698706328868866 3
1781907116086 0.7070710062980652 4
1781907117622 0.7063322067260742 5
1781907119024 0.699595034122467 6
1781907120664 0.6993423104286194 7
1781907122141 0.6982093453407288 8
1781907123563 0.6980950832366943 9
1781907125020 0.6952420473098755 10
1781907126487 0.6951968669891357 11
1781907128014 0.6958629488945007 12
1781907129569 0.6929664015769958 13
1781907130926 0.6949132680892944 14
1781907132288 0.6984661817550659 15
