1782157282860 0.6990520358085632 1
1782157282862 0.6668185591697693 2
1782157282863 0.6384397745132446 3
1782157282864 0.6123189330101013 4
1782157282864 0.5896511077880859 5
1782157282865 0.5688771605491638 6
1782157282866 0.5504605174064636 7
1782157282867 0.5355147123336792 8
1782157282868 0.5219307541847229 9
1782157282869 0.5114281177520752 10
1782157282870 0.5030755400657654 11
1782157282871 0.49638456106185913 12
1782157282872 0.4912264049053192 13
1782157282873 0.48841986060142517 14
1782157282874 0.4866185188293457 15
1782157282875 0.4839619994163513 16
1782157282876 0.484722375869751 17
1782157282878 0.48345473408699036 18
1782157282879 0.4827236831188202 19
1782157282879 0.4829035997390747 20
1782157282880 0.48372596502304077 21
1782157282882 0.481889933347702 22
1782157282884 0.4794672727584839 23
1782157282886 0.47859200835227966 24
1782157282887 0.47599518299102783 25
1782157282888 0.4742662310600281 26
1782157282889 0.47274506092071533 27
1782157282890 0.47240233421325684 28
1782157282891 0.46889999508857727 29
1782157282892 0.4653553366661072 30
1782157282893 0.46412354707717896 31
1782157282894 0.4647061824798584 32
1782157282895 0.461994469165802 33
1782157282896 0.4585517346858978 34
1782157282897 0.45827144384384155 35
1782157282898 0.45640671253204346 36
1782157282899 0.45708319544792175 37
1782157282900 0.45610445737838745 38
1782157282901 0.45299988985061646 39
1782157282902 0.452056348323822 40
1782157282903 0.4518263638019562 41
1782157282904 0.4491996169090271 42
1782157282905 0.44911161065101624 43
1782157282906 0.4492992162704468 44
1782157282907 0.44680747389793396 45
1782157282908 0.44574591517448425 46
1782157282909 0.44384393095970154 47
1782157282910 0.4436521530151367 48
1782157282911 0.4424450397491455 49
1782157282912 0.44188863039016724 50
1782157282913 0.4391684830188751 51
1782157282913 0.43892791867256165 52
1782157282914 0.4372040033340454 53
1782157282915 0.4348015785217285 54
1782157282916 0.43399086594581604 55
1782157282917 0.4327654242515564 56
1782157282918 0.432393878698349 57
1782157282919 0.42955830693244934 58
1782157282920 0.4284072518348694 59
1782157282921 0.42809900641441345 60
1782157282922 0.42648354172706604 61
1782157282923 0.4255734384059906 62
1782157282924 0.4232284724712372 63
1782157282924 0.4232597351074219 64
1782157282925 0.4208740293979645 65
1782157282926 0.42097532749176025 66
1782157282927 0.4195765554904938 67
1782157282928 0.41809380054473877 68
1782157282929 0.41652384400367737 69
1782157282930 0.4130229353904724 70
1782157282931 0.4139920473098755 71
1782157282932 0.4108877182006836 72
1782157282933 0.4099869430065155 73
1782157282934 0.4098173677921295 74
1782157282935 0.40820321440696716 75
1782157282935 0.40519192814826965 76
1782157282936 0.4047721028327942 77
1782157282937 0.4032823145389557 78
1782157282938 0.4026213586330414 79
1782157282939 0.40104416012763977 80
