1782157620445 0.6935575604438782 1
1782157620446 0.6851793527603149 2
1782157620447 0.6762501001358032 3
1782157620448 0.6682271957397461 4
1782157620449 0.659474790096283 5
1782157620450 0.6524010300636292 6
1782157620451 0.6441458463668823 7
1782157620452 0.6370127201080322 8
1782157620453 0.6292503476142883 9
1782157620454 0.6226601004600525 10
1782157620455 0.6160174012184143 11
1782157620456 0.609053909778595 12
1782157620457 0.6035388708114624 13
1782157620458 0.5968033671379089 14
1782157620459 0.5908375382423401 15
1782157620460 0.5845243334770203 16
1782157620461 0.5792191028594971 17
1782157620461 0.5745446681976318 18
1782157620462 0.5689910650253296 19
1782157620463 0.5626913905143738 20
1782157620464 0.5583381056785583 21
1782157620465 0.5540088415145874 22
1782157620466 0.5497545599937439 23
1782157620467 0.5448330640792847 24
1782157620468 0.5396743416786194 25
1782157620469 0.537106990814209 26
1782157620470 0.5324079990386963 27
1782157620471 0.5292755365371704 28
1782157620472 0.5257975459098816 29
1782157620473 0.5229626297950745 30
1782157620474 0.5198094844818115 31
1782157620475 0.516533374786377 32
1782157620476 0.5139439105987549 33
1782157620477 0.5106151103973389 34
1782157620477 0.5088009238243103 35
1782157620478 0.5065852999687195 36
1782157620479 0.5044630765914917 37
1782157620480 0.5017668008804321 38
1782157620481 0.5003135800361633 39
1782157620482 0.49815213680267334 40
