1782156751606 0.6990520358085632 1
1782156751607 0.6668185591697693 2
1782156751608 0.6384397745132446 3
1782156751609 0.6123189330101013 4
1782156751610 0.5896511077880859 5
1782156751611 0.5688771605491638 6
1782156751612 0.5504605174064636 7
1782156751613 0.5355147123336792 8
1782156751614 0.5219307541847229 9
1782156751615 0.5114281177520752 10
1782156751616 0.5030755400657654 11
1782156751617 0.49638456106185913 12
1782156751618 0.4912264049053192 13
1782156751619 0.48841986060142517 14
1782156751620 0.4866185188293457 15
1782156751620 0.4839619994163513 16
1782156751621 0.484722375869751 17
1782156751622 0.48345473408699036 18
1782156751623 0.4827236831188202 19
1782156751624 0.4829035997390747 20
1782156751625 0.48372596502304077 21
1782156751626 0.481889933347702 22
1782156751627 0.4794672727584839 23
1782156751628 0.47859200835227966 24
1782156751629 0.47599518299102783 25
1782156751631 0.4742662310600281 26
1782156751632 0.47274506092071533 27
1782156751633 0.47240233421325684 28
1782156751634 0.46889999508857727 29
1782156751635 0.4653553366661072 30
1782156751636 0.46412354707717896 31
1782156751637 0.4647061824798584 32
1782156751638 0.461994469165802 33
1782156751639 0.4585517346858978 34
1782156751640 0.45827144384384155 35
1782156751641 0.45640671253204346 36
1782156751642 0.45708319544792175 37
1782156751643 0.45610445737838745 38
1782156751644 0.45299988985061646 39
1782156751645 0.452056348323822 40
1782156751646 0.4518263638019562 41
1782156751647 0.4491996169090271 42
1782156751647 0.44911161065101624 43
1782156751648 0.4492992162704468 44
1782156751649 0.44680747389793396 45
1782156751650 0.44574591517448425 46
1782156751651 0.44384393095970154 47
1782156751652 0.4436521530151367 48
1782156751653 0.4424450397491455 49
1782156751654 0.44188863039016724 50
1782156751655 0.4391684830188751 51
1782156751656 0.43892791867256165 52
1782156751657 0.4372040033340454 53
1782156751658 0.4348015785217285 54
1782156751659 0.43399086594581604 55
1782156751660 0.4327654242515564 56
1782156751661 0.432393878698349 57
1782156751662 0.42955830693244934 58
1782156751662 0.4284072518348694 59
1782156751663 0.42809900641441345 60
1782156751664 0.42648354172706604 61
1782156751665 0.4255734384059906 62
1782156751666 0.4232284724712372 63
1782156751667 0.4232597351074219 64
1782156751668 0.4208740293979645 65
1782156751669 0.42097532749176025 66
1782156751670 0.4195765554904938 67
1782156751671 0.41809380054473877 68
1782156751672 0.41652384400367737 69
1782156751673 0.4130229353904724 70
1782156751674 0.4139920473098755 71
1782156751674 0.4108877182006836 72
1782156751675 0.4099869430065155 73
1782156751676 0.4098173677921295 74
1782156751677 0.40820321440696716 75
1782156751678 0.40519192814826965 76
1782156751679 0.4047721028327942 77
1782156751680 0.4032823145389557 78
1782156751681 0.4026213586330414 79
1782156751682 0.40104416012763977 80
