1782156959750 0.7147806286811829 1
1782156959751 0.7077627182006836 2
1782156959752 0.7010116577148438 3
1782156959753 0.6947088837623596 4
1782156959754 0.6884629130363464 5
1782156959755 0.6827836632728577 6
1782156959756 0.6764556169509888 7
1782156959757 0.671168327331543 8
1782156959758 0.6649371385574341 9
1782156959759 0.6591448187828064 10
1782156959760 0.6537947654724121 11
1782156959761 0.6475753784179688 12
1782156959762 0.6424972414970398 13
1782156959764 0.6370545029640198 14
1782156959765 0.6315999627113342 15
1782156959766 0.6262027025222778 16
1782156959767 0.6206287741661072 17
1782156959768 0.6154564619064331 18
1782156959769 0.6107704639434814 19
1782156959770 0.6056324243545532 20
1782156959771 0.6001070737838745 21
1782156959772 0.5958338379859924 22
1782156959773 0.5905635356903076 23
1782156959774 0.5856537222862244 24
1782156959775 0.5804612636566162 25
1782156959776 0.5763896107673645 26
1782156959778 0.5720746517181396 27
1782156959779 0.5669826865196228 28
1782156959780 0.562124490737915 29
1782156959781 0.5581089854240417 30
1782156959782 0.5543895363807678 31
1782156959783 0.5499340891838074 32
1782156959784 0.5465469360351562 33
1782156959785 0.5428712964057922 34
1782156959786 0.5383055210113525 35
1782156959787 0.5361759662628174 36
1782156959788 0.5315603613853455 37
1782156959789 0.5285958051681519 38
1782156959790 0.5259050130844116 39
1782156959791 0.5224294662475586 40
